ALL_Cliques: of file: data/small_graph_100.csv,  TH:0.75

0,  
1,  
2,  
3,  
4,  
5,  
6,  
7,  
8,  
9,  
10,  
11,  
12,  13, 
13,  
14,  
15,  
16,  
17,  29, 
18,  30, 
19,  31, 
20,  32, 
21,  
22,  34, 
23,  
24,  
25,  
26,  
27,  
28,  
29,  41, 
30,  
31,  
32,  44, 
33,  
34,  
35,  
36,  37, 
37,  39, 48, 49, 51, 52, 
38,  
39,  
40,  
41,  
42,  
43,  
44,  
45,  
46,  
47,  
48,  49, 50, 51, 52, 60, 61, 
49,  50, 51, 52, 61, 63, 64, 
50,  51, 52, 61, 62, 63, 64, 
51,  52, 53, 61, 63, 64, 
52,  53, 61, 63, 64, 
53,  
54,  
55,  
56,  68, 
57,  69, 
58,  70, 
59,  71, 
60,  
61,  62, 63, 64, 
62,  63, 64, 
63,  64, 
64,  
65,  76, 
66,  75, 76, 77, 78, 
67,  
68,  
69,  
70,  
71,  
72,  
73,  75, 85, 
74,  75, 86, 
75,  76, 77, 78, 
76,  77, 78, 
77,  78, 89, 
78,  79, 89, 
79,  
80,  
81,  
82,  
83,  
84,  96, 
85,  89, 97, 
86,  
87,  88, 99, 
88,  
89,  
90,  91, 
91,  
92,  
93,  
94,  
95,  
96,  
97,  
98,  
99,  
